0000000000000000000000000000000000
1000000000000000000000000000000000
1100000000000000000000000000000000
1100000000000000000000000000000001
1100000000000000000000000000000010
1100000000000000000000000000000011
1100000000000000000000000000000100
1100000000000000000000000000000101
1100000000000000000000000000001010
1100000000000000000000000000010100
1100000000000000000000000000101001
1100000000000000000000000001010010
1100000000000000000000000010100100
1100000000000000000000000101001000
1100000000000000000000001010010010
1100000000000000000000010100100101
1100000000000000000000101001001010
1100000000000000000001010010010100
1100000000000000000010100100101001
1100000000000000000101001001010010
1100000000000000001010010010100100
1100000000000000010100100101001001
1100000000000000101001001010010010
1100000000000001010010010100100100
1100000000000010100100101001001000
1100000000000101001001010010010001
1100101001001010010010001001001001
0100000000000000000000000000000000
0000000000000000000000000000000000
0000000000000000000000000000000000
0000000000000000000000000000000000
0000000000000000000000000000000000
0000000000000000000000000000000000
0000000000000000000000000000000000
0000000000000000000000000000000000
0000000000000000000000000000000000
